0,497
205,49
205,48
205,47
205,46
205,45
205,44
205,43
205,42
205,41
205,40
205,39
205,38
205,37
205,36
218,5
218,4
218,3
218,2
218,1
218,0
217,5
217,4
217,3
217,2
217,1
217,0
216,4
216,3
216,2
216,1
216,0
215,3
215,2
215,1
215,0
214,3
214,2
214,1
214,0
0,496
0,243
213,5
213,4
213,3
213,2
213,1
213,0
212,4
212,3
212,2
212,1
212,0
211,3
211,2
211,1
211,0
0,495
210,4
210,3
210,2
210,1
210,0
209,3
209,2
209,1
209,0
208,3
208,2
208,1
208,0
207,3
207,2
207,1
207,0
206,5
206,4
206,3
206,2
206,1
206,0
190,4
190,2
190,0
0,494
0,322
0,493
191,2
191,0
0,492
192,2
192,0
194,2
194,0
197,0
0,491
198,2
198,0
189,2
0,490
201,2
201,0
0,489
0,408
202,0
189,1
189,3
202,2
201,5
197,2
202,5
202,4
202,1
202,3
201,3
198,1
198,3
192,1
192,3
191,1
191,3
194,3
190,5
190,1
190,3
205,35
